0
3330.86708029774 0.0 962.798085385055
0.0 3330.86708029774 593.424370457921
0.0 0.0 1.0
0 0
0.043500607838947034 0.01994754490901032 0.9988542399017714 -1.0549045110467246
-0.006111573229063638 -0.9997766298968624 0.020232127538599157 -0.5324529081406593
0.9990347069998661 -0.006984680678124536 -0.043368980222236134 4.728430422712437

1
1998.49940691931 0.0 978.344731975599
0.0 1998.49940691931 591.704537769552
0.0 0.0 1.0
0 0
-0.9995418706608141 -0.027121960564799936 0.01343309536189732 0.27010693432145577
-0.013462789646420439 0.0009125293979157763 -0.9999089561480257 1.112652278431645
0.027107233182614283 -0.9996317154558569 -0.0012772485913081525 3.3031685319773687
