0
3333.00181980338 0.0 938.261352539062
0.0 3333.00181980338 593.299011230469
0.0 0.0 1.0
0 0
-0.009339520120905553 -0.9997626817166889 0.0196813010384162 -4754.926438377
0.0389852935224681 0.019303146193039078 0.9990533196161335 893.746964790329
-0.9991961370286002 0.010097959878299478 0.03879575947726871 1106.99886124017

1
1991.18575565793 0.0 984.188903808594
0.0 1991.18575565793 590.567138671875
0.0 0.0 1.0
0 0
0.01148485342351049 -0.9997168616545423 0.020839737652653297 168.827067340537
-0.9997760956827609 -0.0118509652449432 -0.01753034865871944 3320.41815719937
0.017772356151440273 -0.020633738060614346 -0.9996291273319665 986.864176138374

